[[1.0592913e-03 1.6126958e-07 3.1396166e-06 ... 4.2079037e-06
  4.2858865e-08 1.9444915e-03]
 [1.6456783e-04 1.8979123e-06 1.9190651e-04 ... 9.4990927e-01
  5.2738716e-07 4.9698308e-02]
 [6.4530759e-08 2.5949087e-09 1.7121989e-08 ... 2.0064538e-06
  4.8127754e-07 4.4946143e-04]
 ...
 [7.7208650e-01 6.9721969e-04 3.4034860e-03 ... 1.0455354e-02
  1.2543463e-04 2.1208584e-01]
 [8.9319777e-01 2.1392376e-04 1.0314101e-01 ... 3.2730990e-03
  1.2873815e-04 2.3160197e-05]
 [2.0913631e-02 2.0563207e-04 6.7961854e-03 ... 7.9160374e-01
  9.3478346e-05 1.7984347e-01]]